1852.119682
2103.222591
2121.447663
1921.864213
2063.053205
1899.213387
2148.840394
2033.459436
1975.771811
2041.506928
2090.710162
1959.979807
2024.083265
2092.653533
1892.625395
2126.171775
1954.552714
2094.965542
2009.840456
1981.172138
2016.974404
1972.358291
2027.257599
2089.500287
1952.677170
1966.421857
2058.558396
1964.556703
2142.812055
2193.279897
2099.593950
1941.406665
2130.453937
1937.401877
1919.618204
2051.429100
2029.455531
2166.989673
1968.587275
2167.620584
1892.970322
1955.512067
2067.900014
1914.160144
2098.924644
1772.930272
2150.602868
2006.534795
2044.099381
2105.852496
1886.967363
2059.788804
1743.523797
2177.696180
2339.995951
2131.004642
1884.018476
2092.214984
1841.798201
1993.017089
1954.608339
2172.506878
2172.038054
2187.660989
2096.138068
1939.382949
1922.835087
1912.870559
2015.783278
1896.834843
2202.225704
2040.747662
1909.647139
1989.234328
1972.546702
2170.704194
1836.518251
2166.786395
2011.653553
2021.503727
2122.254329
2006.244409
1800.290863
2146.132027
2004.149629
2089.697120
2005.459919
2029.470162
1935.870018
2072.730024
1962.996588
1914.624513
2056.774592
2026.331684
1933.445885
2035.822372
1895.121743
1740.136368
2059.276361
2327.237520
2094.857487
2046.030073
2018.681382
1970.211057
2139.797171
2130.900696
1861.447044
2055.246070
2027.537394
2055.950512
2017.812834
2183.814790
1906.404325
2042.175136
2076.723740
1912.995882
2104.844800
2245.491648
2094.233380
2118.090389
1966.035099
2005.325191
2045.838593
1921.843112
1856.667707
1799.370214
2192.032513
1898.444801
2205.766423
2105.990246
2215.963644
2091.212203
1910.411553
1969.143349
1916.106967
1953.985146
2174.664244
1811.675684
1985.437892
2237.161397
1968.920996
2028.678020
1980.721602
1868.720825
2050.831810
1946.521804
1991.207848
2000.889531
1970.391865
2098.567174
1917.564760
1926.662582
1987.310736
1853.505538
2107.473785
2070.315270
2132.484256
1914.042410
1918.969774
2044.053612
1946.206489
2013.935025
1980.376304
2012.768294
1919.995473
2051.797589
1961.520380
1939.546441
2186.910935
2226.787882
2067.840362
2011.479290
1968.516884
1885.473049
2123.122941
1989.260414
2057.477135
2041.418496
2159.955590
2076.031022
1854.129441
2170.208854
1939.020074
2205.267377
2171.217495
2010.661536
2063.937589
1923.449245
1789.848709
1832.790983
2078.651852
1841.736061
2158.004601
1801.395543
1910.142382
1911.825057
1954.223425
1869.965943
2066.071537
2160.465606
2053.596730
2231.116411
2038.697636
2078.537419
2006.903977
2103.775138
2116.372000
2068.140718
1923.764582
2039.336881
2172.168779
2018.286463
1997.030119
2094.292266
2005.642140
2063.192846
2073.878404
2115.322289
1831.615653
1911.981875
2089.573473
2097.427477
1985.077020
1941.715272
1993.487580
1873.102306
2043.372274
1780.362555
2050.975841
2162.084284
2139.823301
2151.202916
1944.113922
2113.425807
1993.910100
2110.598128
2023.295551
1842.208810
2053.175734
2008.632600
1997.305658
2184.826642
2224.596931
2132.013773
2095.805918
2085.984625
2148.844763
2010.430068
2160.402235
1909.136649
2057.714236
2144.392423
1867.700980
2134.841274
2117.450710
2090.459370
2092.915399
1797.678346
2122.851075
1958.768055
1916.742465
2009.572445
2163.345595
2051.425596
2155.817897
2068.094176
1789.071316
2157.883009
1969.338062
1977.872060
2138.655807
2199.529102
2059.522267
2080.050339
2075.422177
1910.024494
1856.885288
2137.277118
2023.345434
2039.808161
1813.865010
1851.956226
2080.597033
1933.384480
2212.549248
1996.012264
2057.164166
1954.488333
2133.981552
1913.163418
2064.735349
2073.000006
1987.908554
2206.711437
2196.344640
2006.397879
2063.503966
1895.684021
1996.254307
2039.621799
1939.807184
1980.874192
2165.480327
2031.468603
2120.981034
1940.816307
2144.827388
2205.260091
2072.602835
2085.582281
1991.939820
2076.561319
2071.777684
2088.578303
1883.549452
2152.291732
1955.723652
1990.944739
2021.948636
2022.648880
1919.162969
1883.230312
2065.281466
2004.778327
2106.777638
1961.176358
2104.731548
1958.967083
2042.711152
2068.294686
2293.763582
1889.975815
2053.833794
2098.833769
2003.136507
1981.115828
2051.837494
1858.524189
2192.624274
2081.692104
1760.196294
2091.694707
1822.985328
2023.869526
2058.177154
2149.054287
1907.170967
1994.409181
2113.594903
2118.720379
1998.671988
2166.353819
2035.566759
1988.959763
1990.110179
2239.927742
2051.000914
2100.659072
2091.171097
2061.040099
2091.255741
2142.908265
2055.353244
2040.156046
2036.864616
2023.226651
2111.225675
2071.789863
1724.012087
2012.873825
2224.924095
2191.921318
2046.894921
2039.313904
2244.210388
2122.592316
1984.015886
2186.050019
1956.007272
1961.481116
2052.360743
1779.102308
1855.219096
2060.004460
2010.112081
1924.171226
1857.964518
2096.697276
2070.287310
1844.404358
1896.260568
1750.959865
2203.483271
2151.345784
1941.746768
1958.042931
2053.650852
2127.052862
1989.364125
2105.137954
1903.198064
2008.293577
1922.581174
1995.445726
2166.838601
1993.732516
2182.588505
2047.864326
2095.447945
2006.792353
2110.185363
2020.098972
1895.434969
2044.978478
2043.271113
2034.353087
2021.207651
2309.549416
2157.172397
2015.944475
2080.418049
1849.642227
1993.376567
1955.228039
2190.639563
2005.956019
2059.140103
1896.663217
2035.622490
2031.943289
2254.695439
1981.224507
2092.748190
1956.277988
1763.972190
1940.425465
2027.385441
1921.138114
2159.462890
2058.057926
2182.392395
1883.445917
1957.990848
2074.261517
2076.923198
2259.909344
2125.504184
2007.201099
1906.553708
1898.397555
2195.268888
2110.155258
2155.985234
2169.660110
2068.824128
2027.815579
2069.505349
1939.693671
2097.839190
2166.464791
1980.459768
2252.385437
2004.616212
2103.698868
1889.866661
2006.773002
2076.488217
1890.396945
2205.457073
1938.480176
2005.836410
2057.080783
2050.563764
2191.041758
2054.912010
1955.468415
1941.540368
2079.077109
1952.443636
1967.196391
2169.411786
1981.725132
2021.918455
1949.625886
1887.372387
2322.593570
2227.482689
1972.972384
1952.515101
1905.198307
2015.682942
1955.896349
2133.406746
2005.879932
1953.383792
2015.740654
1970.315214
1965.483746
2042.562952
1875.041646
2055.846041
2177.616648
2047.792784
1916.010289
2020.820071
1817.174646
2087.572689
2207.366908
2141.159118
2050.489394
1905.723586
1767.031770
2108.705710
2199.780271
2012.436803
1948.560531
1911.396312
2047.025917
2049.310378
1994.134086
1981.495467
2068.664296
2108.356570
1933.410672
1928.896963
2238.623154
2090.034315
2026.730239
2055.963662
1969.909003
2207.828729
2070.966363
1911.792873
1869.080199
2168.744930
1906.447988
2063.353370
1954.837026
1804.478777
2026.434428
1990.492845
2049.141793
1878.321395
2111.974801
2057.364887
2049.117756
2019.384304
1920.342351
1857.809689
1854.878362
2274.567498
1910.643100
1911.188542
2235.792230
1857.327039
1930.494588
1991.340045
2214.287899
2133.712839
1934.440125
2136.259499
1870.250133
1947.226755
2055.771848
2018.416068
2052.705527
1893.691472
1955.349372
1987.658061
2006.779730
1955.926672
1741.286908
2067.433734
1989.197652
2144.967948
1989.959133
2019.746278
1735.453663
2078.351375
1873.321342
2072.425812
1959.672672
2089.840620
2029.431611
2037.604241
2092.309444
2106.834629
2163.824785
2181.551576
1916.154754
2276.772540
2102.147181
2043.689390
2132.544636
2014.552366
2003.548448
2144.483847
2178.625653
1811.228696
2012.347952
2084.124563
2012.504414
1990.788626
2071.257805
2050.180405
1895.330337
1931.151730
2187.987286
1725.600319
1951.105838
2073.217607
2101.303856
1744.478343
1984.075217
1970.733345
1891.657927
2054.295837
2087.340020
2091.836159
2114.897405
1847.983179
2015.629939
2050.783637
2039.723435
1692.609836
2123.997636
1902.926895
2101.295601
1942.911406
2316.202315
1986.755061
2155.315775
2111.691100
2064.038697
2202.239259
2056.986546
1997.915547
2336.759641
2078.174465
2041.384390
2031.201494
1819.834278
2038.890496
1958.970409
2128.087397
2110.355633
2082.411012
1889.094280
2065.827768
2043.407268
2145.744548
2198.489342
1970.830775
2078.866898
2026.037377
1925.415560
1951.949719
2118.126450
1836.878496
2103.813785
2203.651919
2059.208598
1908.801913
2019.256616
1816.442611
1867.162827
2015.620017
2003.696647
2035.781332
1874.637433
1954.302407
1910.697274
2036.696764
1851.324526
1925.490785
2236.046357
2220.624122
1997.767914
1927.483195
2020.148269
1967.123313
2094.373977
1950.151574
2092.593389
1932.306275
2070.505511
1992.854722
1951.122215
2034.320717
1848.157241
1927.528812
2147.592194
2217.351833
2134.953768
2232.410499
1961.851504
2220.486319
1936.154755
1858.294326
2132.900464
2061.256379
1990.591826
1877.274212
2066.483264
1823.811262
2061.200947
1959.122310
2109.108278
2041.392803
2103.604029
2221.247631
2111.102562
2091.204354
2024.410132
2025.410218
1915.075166
1955.926795
1860.857160
2198.805793
2018.271649
1897.904325
2153.505681
2021.006020
1976.402964
2118.406573
1989.855466
2047.865440
1987.552810
2062.884201
2141.521830
2197.020902
2063.598092
1951.306518
1919.860759
1973.419115
1927.810704
1830.599159
1936.689178
1999.873597
1938.949640
2119.692947
2122.545686
1979.081161
2011.506992
2139.371138
1982.304868
2049.071792
2044.039435
2094.491672
1935.730670
2077.395388
1941.976464
2023.720170
2171.874406
2193.128579
2199.339600
1832.190531
2149.191335
2101.202667
2126.186299
1798.546225
2145.615855
2002.244338
2212.881920
2181.979373
2064.440974
1885.450846
2050.231038
1953.133832
1828.154378
1894.283923
2150.588810
2030.581555
2111.534848
1854.607345
2065.886041
2076.556524
1869.006101
1966.114847
1977.535408
2001.798592
2088.201481
1848.794629
2084.087375
1743.195739
2032.385140
2019.164328
1903.195626
2135.174277
2101.753069
2242.152373
1847.864816
2055.577749
1981.940482
2005.889661
1887.169220
2071.972546
2218.091339
2142.298849
1994.337691
2209.876506
1875.273308
1946.440378
2063.650946
1927.670850
2106.134013
2194.185113
1977.152069
2044.526253
1877.323380
2214.131126
2217.697867
1960.446833
2306.366814
2136.528380
2162.726409
2033.468788
2183.733275
2085.554269
2107.534075
1956.747317
2013.254598
1882.799785
1821.162903
2105.901938
2031.696270
2063.756723
2201.054601
2180.530747
2255.804743
1982.291307
2092.063894
2017.512762
1958.416916
1940.711160
1853.049180
1785.212685
2165.336637
1945.511361
2027.235190
2070.369756
2028.308676
1960.862916
2010.601807
2168.623233
2060.339556
2037.653453
1988.250010
2264.625356
1826.546235
1955.443794
1994.554807
1992.048407
2156.124018
1992.030222
2099.002425
2212.399661
1922.050709
1800.994417
2117.935409
2038.754539
2129.978635
2012.658413
1942.928002
1870.581698
2025.377555
1936.559097
2147.090880
1998.811570
1906.078190
2120.586946
1942.438513
1906.084360
2266.343211
1999.780158
2133.532246
1943.937154
2225.469461
2090.391240
2025.552884
1962.436177
2149.813040
2253.783529
2110.317801
1916.890470
2017.986115
2150.308890
2087.735251
2071.011721
2024.150622
2127.274631
2157.181427
2105.316446
2035.150228
2108.881085
2067.282165
1985.999213
1928.965063
2039.777342
1980.248879
1908.093745
2142.088105
2238.777508
2132.525051
1999.930358
1944.737290
1944.580234
1984.866940
1962.484859
2069.495063
2026.327558
2038.391135
1980.718259
2108.465689
1967.924003
2102.831460
2019.367879
1787.557540
2135.626974
1912.188957
1886.540323
2030.147784
1881.007614
1914.729810
1995.121287
2115.033769
2071.809300
2095.126174
2294.886660
2251.307543
2125.151623
1980.536526
2010.674134
2154.187866
2179.619530
1974.229273
2052.526566
1960.504329
1819.363020
2084.288045
2050.658306
2054.317718
2274.557985
1979.674379
2137.399372
1920.807122
2037.061994
2126.417444
2007.741292
2119.082389
2088.068909
2039.778516
1930.349712
2014.922972
2056.602424
2196.369170
2123.570980
2039.167200
1892.819897
2118.546102
2067.620040
2078.952584
2225.631082
2156.118467
2165.042578
1843.540037
1899.861163
2058.411760
2154.023009
1981.233296
2015.511766
1927.578062
2113.427785
1947.632243
2015.950658
2093.781972
2032.945082
2064.409862
1903.175896
2117.680226
1788.865768
2014.571320
2101.016193
2016.927326
1926.456098
1983.884804
2093.911019
2108.882772
1828.239918
1951.068785
2079.541926
1781.568191
2038.053773
2005.943545
1993.698796
1996.260376
2051.418429
1986.329716
1805.443737
1876.279991
2134.784554
1977.402802
1778.354439
1886.552710
2011.885589
1968.386147
2078.151210
2149.640192
1949.866015
2201.662481
1853.835074
1980.314743
2069.621044
2070.687728
2166.747579
1935.635392
1987.635396
2102.694087
1941.113024
2072.343424
2131.939828
2090.082095
2073.322454
2066.890170
1980.264440
2032.709507
2253.173262
2014.031027
2174.060467
2032.636443
2081.296968
2126.971429
2211.954559
2166.481143
2028.257669
2016.249327
2216.540702
2120.275745
1791.614696
1777.278888
2232.563165
2009.885769
2004.329940
2082.029738
2053.759349
2063.984034
2212.572556
1996.526722
1997.752305
2160.936661
2256.944915
2010.947883
2096.288646
1989.327458
1963.109284
2221.584510
2146.063840
1884.069858
2187.210014
2133.605139
2072.059448
2300.108242
1844.258665
1950.151707
2007.685395
1918.595878
1677.190760
2072.480730
1919.046416
1981.675778
1997.415294
1928.129002
2123.207967
2096.163831
1921.064787
2302.987960
1886.972786
1957.751668
1959.653335
2158.453542
2077.932384
1894.624217
1963.738489
2130.711970
2082.321880
1969.752089
2074.901561
2039.320256
2327.289838
2003.279283
2102.676980
1989.260131
2030.950650
2130.288576
2029.415755
2163.302531
1920.027130
2164.385063
2237.372791
2160.969996
1827.778227
1963.415105
2151.291141
1965.269299
1922.469749
2089.308404
1970.270578
2176.401759
1806.619903
1991.684601
2147.273485
1959.745675
1985.922948
1775.623472
2047.372507
1691.659161
2010.905565
2168.169765
1966.931581
2080.311229
1932.695362
2106.384294
1989.494196
2191.563112
1878.393852
2054.738679
2085.844528
2043.699085
1979.820763
2043.797060
2050.298299
2031.591334
2044.489202
2150.431778
2021.114077
1941.955375
1794.643590
1917.545340
2180.137792
2114.988076
1952.596666
1996.274622
2032.905432
2005.105423
1927.746988
2092.359338
1912.130223
2026.585324
2037.022556
2096.846062
2018.223067
2142.414311
1975.632218
1913.134304
1978.623123
1967.394200
2070.542967
2054.786803
2036.730057
2061.110801
2069.643105
2079.449932
1967.306743
1930.646231
2000.695473
1992.172967
2142.876798
2004.423081
1956.975315
1960.245985
2189.179825
2022.255068
1932.721400
2313.869540
1991.837466
2001.668014
2169.636320
2065.680712
2054.084225
2058.380656
1892.810974
2131.422746
2196.202283
1927.606889
1754.902695
1950.997279
2082.253629
1932.187754
2155.309211
2027.354543
2056.661467
1813.451784
1845.822701
2174.479812
2023.749293
2103.029628
2264.900019
2041.454854
1980.401952
2062.514261
2036.969095
2076.430554
2024.088566
1998.648913
2086.808534
2111.114512
2055.409179
2001.076854
1825.244397
2080.685260
1978.777969
2181.049048
1959.988716
1790.764603
2093.369192
2138.029111
2063.414575
2017.735848
2052.611855
2047.324971
2009.618392
2196.901701
1905.332936
2042.172968
2004.023131
2063.766896
2077.059136
1874.853927
2146.008416
2212.421943
2095.118482
2030.131141
1781.969455
1948.434597
1926.193130
1926.452493
1842.397927
2051.102071
1953.245570
2064.175613
1902.144422
1992.115136
1938.030443
2122.845284
2173.382759
1948.331462
2006.291856
2099.674765
2108.885566
2181.133673
1882.111881
2191.592013
2054.229922
1962.624227
2018.147523
2061.944806
1968.446103
2279.057295
2144.375811
1940.489253
1973.548725
1904.002235
2169.959552
2000.547888
2045.884121
2005.316918
2144.580968
2046.225629
1984.916262
1825.006255
1953.751720
2039.884855
1957.213521
1874.970560
1934.037029
2110.884864
2096.584939
1835.578158
1990.624955
2204.040345
1920.243555
2003.565401
2162.209880
1971.214769
2004.398208
1943.936823
1903.580456
2122.014689
1923.533309
2020.486621
2219.374083
1991.597644
1950.600071
1969.410289
2070.840608
1994.475170
2076.788157
1984.600919
2046.276036
2054.591158
2058.493944
1961.394754
2020.012107
2081.929583
2124.282830
2041.889143
2143.434149
2137.831617
1748.168064
2273.904201
2047.128636
2000.426571
1934.300510
2126.950658
2096.380007
2074.364319
1957.546337
2057.756265
2053.559082
1906.520188
1997.931690
2048.848716
1881.031050
1883.595723
2000.196760
2150.117776
1951.772987
1924.574991
2125.871769
2091.786532
1900.860075
1920.235518
1928.937865
2063.804641
2050.870945
2097.595588
2052.831412
1843.631500
1921.075246
2144.782590
1887.635822
1991.310647
1784.217600
2053.077256
1929.693466
2192.442980
2071.271526
1973.065318
2089.311727
1994.797727
2040.018907
1885.873745
2142.018662
2166.584434
2184.424103
1805.399548
2255.836379
1891.616907
2145.833590
2159.054246
2084.167526
2098.847931
1896.594567
2033.548704
2106.488268
2127.796701
1943.159933
1893.106636
2237.918906
2064.292922
2046.953006
2428.021470
2073.016373
2077.951923
1860.455027
2076.277216
2091.100641
2028.153662
2153.066382
1919.576331
2058.233939
2080.799397
1832.621126
2056.558916
2085.413502
1948.622471
1945.223867
1952.527958
1997.855409
1961.767859
2079.041707
2105.414481
2022.657385
2020.811702
2074.808647
1870.498207
2092.980586
2102.071977
1867.064067
2085.856740
2187.447770
1922.244686
1962.228798
2188.514921
2039.643089
1891.054122
1933.634952
1994.633195
2162.035655
2040.104755
2142.709430
2175.865330
1925.503307
1908.301945
1894.846358
2027.679074
2089.496461
1929.280196
2061.621846
2093.096794
1914.792112
2156.339245
1857.635925
2082.615667
2076.809502
1954.238472
1929.911018
2109.723644
1903.232254
1987.905962
1989.759472
1852.885489
2085.994495
1778.049153
2066.352294
1904.338783
1845.522861
2114.730932
2085.884385
1802.522209
2012.578386
1931.943459
2062.323571
1921.483412
2035.092319
2101.630906
1911.889334
2050.688121
1846.971044
2157.604127
2114.582366
1860.142478
2004.789221
1944.474541
2105.610094
2016.457561
2218.276111
2043.114500
1948.001440
2034.864867
1893.116601
2099.771354
1924.243865
1836.922547
2090.790653
2101.469932
1955.416184
2280.170864
2069.556979
2038.317250
1881.307027
2215.495801
1970.648770
2074.503072
1816.267507
2006.083617
1886.398784
2116.473018
1924.451405
1864.668179
2094.973310
1993.874573
1786.130023
2032.776603
2154.731274
2166.562947
2179.873447
2050.994756
2087.303973
2041.461634
1933.691241
2153.869139
2227.265191
1849.022005
1823.074719
1956.791995
1907.619638
2168.908578
2060.295271
2017.077289
2014.510775
1997.757628
1997.684099
1891.391024
2064.522878
1969.027658
2056.818451
1800.962081
2047.775207
1753.462258
2203.283296
2138.876656
1861.447128
1959.957273
2094.622028
2016.943111
2178.819529
2019.911844
1947.849973
1961.709423
1933.447070
2038.939837
1957.367878
2137.762359
1972.347826
2122.491224
2068.819644
1970.394677
2126.352377
1873.504360
1931.229861
2173.632513
1825.829234
1988.181056
2328.980984
1994.763609
2127.063939
2108.466608
2051.543178
1849.716575
2078.022652
2053.774520
2034.846010
2031.462008
2060.687122
2240.881041
1960.099660
2118.927209
2000.678062
2117.157609
1922.672575
2104.519747
2148.203737
1863.333309
1968.036202
2003.633880
2240.459647
2041.045628
2207.698044
2144.086083
1992.982360
2085.190830
2058.384723
2104.593446
1948.985432
2116.768033
2088.791555
2050.967599
2050.110669
1908.197115
1931.723390
1889.183498
2061.857579
1914.297623
2181.066545
2171.657375
1834.198782
2169.336427
1829.358279
2295.162155
2117.178276
1833.871719
2242.388631
1960.109118
2087.348570
2091.192469
1903.065299
2064.664156
2093.323919
2109.475086
1999.601364
1986.686941
1936.726004
1956.983050
2104.815574
2297.962776
2099.019003
2026.056949
2100.444096
1988.291136
